9.670000000000000284e+01
1.042999999999999972e+02
1.167000000000000028e+02
9.279999999999999716e+01
1.416999999999999886e+02
1.391999999999999886e+02
1.580000000000000000e+02
1.105000000000000000e+02
1.265000000000000000e+02
1.257999999999999972e+02
2.643000000000000114e+02
1.420000000000000000e+02
1.222000000000000028e+02
1.265000000000000000e+02
1.486999999999999886e+02
1.471999999999999886e+02
1.500000000000000000e+02
1.666999999999999886e+02
1.423000000000000114e+02
1.716999999999999886e+02
1.520000000000000000e+02
1.095000000000000000e+02
1.055000000000000000e+02
1.257000000000000028e+02
1.167000000000000028e+02
7.250000000000000000e+01
7.550000000000000000e+01
9.400000000000000000e+01
1.012000000000000028e+02
8.450000000000000000e+01
1.105000000000000000e+02
9.970000000000000284e+01
3.920000000000000284e+01
3.870000000000000284e+01
4.750000000000000000e+01
7.329999999999999716e+01
5.829999999999999716e+01
8.329999999999999716e+01
1.182999999999999972e+02
9.879999999999999716e+01
9.950000000000000000e+01
6.600000000000000000e+01
1.306999999999999886e+02
4.879999999999999716e+01
4.520000000000000284e+01
7.770000000000000284e+01
6.270000000000000284e+01
6.670000000000000284e+01
7.329999999999999716e+01
5.329999999999999716e+01
7.620000000000000284e+01
6.329999999999999716e+01
6.000000000000000000e+01
5.279999999999999716e+01
3.670000000000000284e+01
6.500000000000000000e+01
4.670000000000000284e+01
4.170000000000000284e+01
3.329999999999999716e+01
1.119999999999999929e+01
0.000000000000000000e+00
5.000000000000000000e+00
2.799999999999999822e+00
2.280000000000000071e+01
3.450000000000000000e+01
4.450000000000000000e+01
3.130000000000000071e+01
2.050000000000000000e+01
1.369999999999999929e+01
4.020000000000000284e+01
2.200000000000000000e+01
7.000000000000000000e+00
1.700000000000000000e+01
1.869999999999999929e+01
1.130000000000000071e+01
1.080000000000000071e+01
0.000000000000000000e+00
0.000000000000000000e+00
1.430000000000000071e+01
5.299999999999999822e+00
2.969999999999999929e+01
3.950000000000000000e+01
1.130000000000000071e+01
3.329999999999999716e+01
2.080000000000000071e+01
1.180000000000000071e+01
9.000000000000000000e+00
1.569999999999999929e+01
2.080000000000000071e+01
2.150000000000000000e+01
6.000000000000000000e+00
1.069999999999999929e+01
1.969999999999999929e+01
2.380000000000000071e+01
2.830000000000000071e+01
1.569999999999999929e+01
2.350000000000000000e+01
3.529999999999999716e+01
4.370000000000000284e+01
5.000000000000000000e+01
6.350000000000000000e+01
2.130000000000000071e+01
4.170000000000000284e+01
8.550000000000000000e+01
6.620000000000000284e+01
5.420000000000000284e+01
1.077999999999999972e+02
5.579999999999999716e+01
6.270000000000000284e+01
8.670000000000000284e+01
8.170000000000000284e+01
1.205000000000000000e+02
7.729999999999999716e+01
7.500000000000000000e+01
7.329999999999999716e+01
6.450000000000000000e+01
1.042000000000000028e+02
6.279999999999999716e+01
7.170000000000000284e+01
7.170000000000000284e+01
8.050000000000000000e+01
7.329999999999999716e+01
7.800000000000000000e+01
7.829999999999999716e+01
8.170000000000000284e+01
8.329999999999999716e+01
8.500000000000000000e+01
1.187999999999999972e+02
1.286999999999999886e+02
9.950000000000000000e+01
7.720000000000000284e+01
9.500000000000000000e+01
1.122000000000000028e+02
9.920000000000000284e+01
1.245000000000000000e+02
9.720000000000000284e+01
1.200000000000000000e+02
8.050000000000000000e+01
1.100000000000000000e+02
1.260000000000000000e+02
1.022000000000000028e+02
8.429999999999999716e+01
9.950000000000000000e+01
1.017000000000000028e+02
1.167000000000000028e+02
1.516999999999999886e+02
1.345000000000000000e+02
1.195000000000000000e+02
1.786999999999999886e+02
1.655000000000000000e+02
1.568000000000000114e+02
1.518000000000000114e+02
1.678000000000000114e+02
1.478000000000000114e+02
1.495000000000000000e+02
7.670000000000000284e+01
7.300000000000000000e+01
1.212999999999999972e+02
7.620000000000000284e+01
1.002999999999999972e+02
6.650000000000000000e+01
1.285000000000000000e+02
5.629999999999999716e+01
1.127999999999999972e+02
1.142000000000000028e+02
1.155000000000000000e+02
1.296999999999999886e+02
1.286999999999999886e+02
9.420000000000000284e+01
5.320000000000000284e+01
5.700000000000000000e+01
5.479999999999999716e+01
5.450000000000000000e+01
5.970000000000000284e+01
9.029999999999999716e+01
4.420000000000000284e+01
1.135000000000000000e+02
7.720000000000000284e+01
1.015000000000000000e+02
1.022999999999999972e+02
9.950000000000000000e+01
9.950000000000000000e+01
6.700000000000000000e+01
5.729999999999999716e+01
7.379999999999999716e+01
5.000000000000000000e+01
5.000000000000000000e+01
5.000000000000000000e+01
4.700000000000000000e+01
4.670000000000000284e+01
4.329999999999999716e+01
4.279999999999999716e+01
4.000000000000000000e+01
4.329999999999999716e+01
4.170000000000000284e+01
3.670000000000000284e+01
3.370000000000000284e+01
3.329999999999999716e+01
4.500000000000000000e+01
4.950000000000000000e+01
2.669999999999999929e+01
2.330000000000000071e+01
2.330000000000000071e+01
2.169999999999999929e+01
2.000000000000000000e+01
1.830000000000000071e+01
6.100000000000000000e+01
1.000000000000000000e+01
4.470000000000000284e+01
5.000000000000000000e+00
5.500000000000000000e+00
6.700000000000000178e+00
7.200000000000000178e+00
8.300000000000000711e+00
9.500000000000000000e+00
3.200000000000000000e+01
4.570000000000000284e+01
5.000000000000000000e+01
7.170000000000000284e+01
5.479999999999999716e+01
4.970000000000000284e+01
5.550000000000000000e+01
3.650000000000000000e+01
6.800000000000000000e+01
7.120000000000000284e+01
7.350000000000000000e+01
9.120000000000000284e+01
8.879999999999999716e+01
8.920000000000000284e+01
1.102000000000000028e+02
7.720000000000000284e+01
7.120000000000000284e+01
1.295000000000000000e+02
1.290000000000000000e+02
8.770000000000000284e+01
1.112999999999999972e+02
1.247000000000000028e+02
1.296999999999999886e+02
1.510000000000000000e+02
1.863000000000000114e+02
1.232000000000000028e+02
1.070000000000000000e+02
1.072000000000000028e+02
1.611999999999999886e+02
1.227000000000000028e+02
1.573000000000000114e+02
1.976999999999999886e+02
2.005000000000000000e+02
2.480000000000000000e+02
2.636999999999999886e+02
2.468000000000000114e+02
1.866999999999999886e+02
1.733000000000000114e+02
2.375000000000000000e+02
1.335000000000000000e+02
8.500000000000000000e+01
1.167999999999999972e+02
1.388000000000000114e+02
1.830000000000000000e+02
2.105000000000000000e+02
1.740000000000000000e+02
1.726999999999999886e+02
2.203000000000000114e+02
1.705000000000000000e+02
6.000000000000000000e+01
7.700000000000000000e+01
7.779999999999999716e+01
1.082000000000000028e+02
2.545000000000000000e+02
1.991999999999999886e+02
1.127999999999999972e+02
9.750000000000000000e+01
1.690000000000000000e+02
1.500000000000000000e+02
1.661999999999999886e+02
1.595000000000000000e+02
1.681999999999999886e+02
1.513000000000000114e+02
5.179999999999999716e+01
1.536999999999999886e+02
6.329999999999999716e+01
9.500000000000000000e+01
1.288000000000000114e+02
9.370000000000000284e+01
8.420000000000000284e+01
1.310000000000000000e+02
1.022000000000000028e+02
1.067000000000000028e+02
9.100000000000000000e+01
4.829999999999999716e+01
8.529999999999999716e+01
5.479999999999999716e+01
6.850000000000000000e+01
4.729999999999999716e+01
4.620000000000000284e+01
2.119999999999999929e+01
4.879999999999999716e+01
4.379999999999999716e+01
6.820000000000000284e+01
7.200000000000000000e+01
7.800000000000000000e+01
1.090000000000000000e+02
9.279999999999999716e+01
7.300000000000000000e+01
8.550000000000000000e+01
4.750000000000000000e+01
2.919999999999999929e+01
1.100000000000000000e+01
1.319999999999999929e+01
2.330000000000000071e+01
2.950000000000000000e+01
2.030000000000000071e+01
7.299999999999999822e+00
0.000000000000000000e+00
1.930000000000000071e+01
1.869999999999999929e+01
6.500000000000000000e+00
2.050000000000000000e+01
1.699999999999999956e+00
1.319999999999999929e+01
5.299999999999999822e+00
9.300000000000000711e+00
2.519999999999999929e+01
1.319999999999999929e+01
3.620000000000000284e+01
1.930000000000000071e+01
1.050000000000000000e+01
3.629999999999999716e+01
1.869999999999999929e+01
3.169999999999999929e+01
1.699999999999999956e+00
4.029999999999999716e+01
2.669999999999999929e+01
5.000000000000000000e+01
5.829999999999999716e+01
6.670000000000000284e+01
7.500000000000000000e+01
6.079999999999999716e+01
6.500000000000000000e+01
1.591999999999999886e+02
1.338000000000000114e+02
1.345000000000000000e+02
1.583000000000000114e+02
1.866999999999999886e+02
1.936999999999999886e+02
1.775000000000000000e+02
2.433000000000000114e+02
2.621999999999999886e+02
2.955000000000000000e+02
1.821999999999999886e+02
2.233000000000000114e+02
2.416999999999999886e+02
3.981999999999999886e+02
2.860000000000000000e+02
2.550000000000000000e+02
2.333000000000000114e+02
2.861999999999999886e+02
2.605000000000000000e+02
2.505000000000000000e+02
1.750000000000000000e+02
1.911999999999999886e+02
2.761999999999999886e+02
1.966999999999999886e+02
2.416999999999999886e+02
2.333000000000000114e+02
1.895000000000000000e+02
2.383000000000000114e+02
1.866999999999999886e+02
1.850000000000000000e+02
2.066999999999999886e+02
1.900000000000000000e+02
1.833000000000000114e+02
1.167000000000000028e+02
1.633000000000000114e+02
1.633000000000000114e+02
1.583000000000000114e+02
1.786999999999999886e+02
1.466999999999999886e+02
1.433000000000000114e+02
1.433000000000000114e+02
1.561999999999999886e+02
1.283000000000000114e+02
1.000000000000000000e+02
9.779999999999999716e+01
1.645000000000000000e+02
1.245000000000000000e+02
8.829999999999999716e+01
1.137999999999999972e+02
1.745000000000000000e+02
1.628000000000000114e+02
1.225000000000000000e+02
1.100000000000000000e+02
8.500000000000000000e+01
4.550000000000000000e+01
1.117000000000000028e+02
5.870000000000000284e+01
9.000000000000000000e+01
6.250000000000000000e+01
6.170000000000000284e+01
6.829999999999999716e+01
9.050000000000000000e+01
6.329999999999999716e+01
6.170000000000000284e+01
7.329999999999999716e+01
5.670000000000000284e+01
3.870000000000000284e+01
5.250000000000000000e+01
5.000000000000000000e+01
4.670000000000000284e+01
6.450000000000000000e+01
4.450000000000000000e+01
4.720000000000000284e+01
3.829999999999999716e+01
4.200000000000000000e+01
5.370000000000000284e+01
3.329999999999999716e+01
3.000000000000000000e+01
1.330000000000000071e+01
2.500000000000000000e+01
1.750000000000000000e+01
2.169999999999999929e+01
1.330000000000000071e+01
1.830000000000000071e+01
1.669999999999999929e+01
1.000000000000000000e+01
1.500000000000000000e+01
1.000000000000000000e+01
1.669999999999999929e+01
1.669999999999999929e+01
1.330000000000000071e+01
2.830000000000000071e+01
2.330000000000000071e+01
1.080000000000000071e+01
1.330000000000000071e+01
1.500000000000000000e+01
2.619999999999999929e+01
3.450000000000000000e+01
4.379999999999999716e+01
6.050000000000000000e+01
3.329999999999999716e+01
5.329999999999999716e+01
7.870000000000000284e+01
6.700000000000000000e+01
4.550000000000000000e+01
6.200000000000000000e+01
7.929999999999999716e+01
7.950000000000000000e+01
1.423000000000000114e+02
1.538000000000000114e+02
9.829999999999999716e+01
1.383000000000000114e+02
1.495000000000000000e+02
1.858000000000000114e+02
1.871999999999999886e+02
1.933000000000000114e+02
1.878000000000000114e+02
2.245000000000000000e+02
1.766999999999999886e+02
1.456999999999999886e+02
2.120000000000000000e+02
2.246999999999999886e+02
1.653000000000000114e+02
2.133000000000000114e+02
2.286999999999999886e+02
2.621999999999999886e+02
2.616999999999999886e+02
2.358000000000000114e+02
2.900000000000000000e+02
2.300000000000000000e+02
2.153000000000000114e+02
2.388000000000000114e+02
1.808000000000000114e+02
1.883000000000000114e+02
2.570000000000000000e+02
2.358000000000000114e+02
2.266999999999999886e+02
2.350000000000000000e+02
2.366999999999999886e+02
1.578000000000000114e+02
2.158000000000000114e+02
1.900000000000000000e+02
2.088000000000000114e+02
2.000000000000000000e+02
2.055000000000000000e+02
2.058000000000000114e+02
2.000000000000000000e+02
1.950000000000000000e+02
1.716999999999999886e+02
1.866999999999999886e+02
1.495000000000000000e+02
2.233000000000000114e+02
2.258000000000000114e+02
1.716999999999999886e+02
2.125000000000000000e+02
1.605000000000000000e+02
1.566999999999999886e+02
1.550000000000000000e+02
1.516999999999999886e+02
1.155000000000000000e+02
1.450000000000000000e+02
1.288000000000000114e+02
1.405000000000000000e+02
1.366999999999999886e+02
1.232999999999999972e+02
1.212000000000000028e+02
1.032999999999999972e+02
1.232999999999999972e+02
1.286999999999999886e+02
1.227999999999999972e+02
1.070000000000000000e+02
1.182999999999999972e+02
7.170000000000000284e+01
1.107999999999999972e+02
1.027999999999999972e+02
1.117000000000000028e+02
1.100000000000000000e+02
9.670000000000000284e+01
1.067000000000000028e+02
1.050000000000000000e+02
1.262000000000000028e+02
1.032999999999999972e+02
1.017000000000000028e+02
7.629999999999999716e+01
1.000000000000000000e+02
9.829999999999999716e+01
9.829999999999999716e+01
9.500000000000000000e+01
9.329999999999999716e+01
9.329999999999999716e+01
9.170000000000000284e+01
9.250000000000000000e+01
8.829999999999999716e+01
8.720000000000000284e+01
8.500000000000000000e+01
8.329999999999999716e+01
4.879999999999999716e+01
4.000000000000000000e+01
7.829999999999999716e+01
7.329999999999999716e+01
7.620000000000000284e+01
7.500000000000000000e+01
7.329999999999999716e+01
6.329999999999999716e+01
4.729999999999999716e+01
9.279999999999999716e+01
6.920000000000000284e+01
6.829999999999999716e+01
6.670000000000000284e+01
1.850000000000000000e+01
4.750000000000000000e+01
1.122999999999999972e+02
8.570000000000000284e+01
3.570000000000000284e+01
6.650000000000000000e+01
2.100000000000000000e+01
3.100000000000000000e+01
5.170000000000000284e+01
2.850000000000000000e+01
2.150000000000000000e+01
4.279999999999999716e+01
2.250000000000000000e+01
3.250000000000000000e+01
4.170000000000000284e+01
3.000000000000000000e+01
3.670000000000000284e+01
3.970000000000000284e+01
2.619999999999999929e+01
5.279999999999999716e+01
3.500000000000000000e+01
1.119999999999999929e+01
4.479999999999999716e+01
2.500000000000000000e+00
3.069999999999999929e+01
1.830000000000000071e+01
1.400000000000000000e+01
8.500000000000000000e+00
2.400000000000000000e+01
7.000000000000000000e+00
6.700000000000000178e+00
6.700000000000000178e+00
1.219999999999999929e+01
1.850000000000000000e+01
7.200000000000000178e+00
1.000000000000000000e+01
9.500000000000000000e+00
1.150000000000000000e+01
9.699999999999999289e+00
5.000000000000000000e+00
3.299999999999999822e+00
6.700000000000000178e+00
2.069999999999999929e+01
1.800000000000000044e+00
0.000000000000000000e+00
0.000000000000000000e+00
0.000000000000000000e+00
5.000000000000000000e+00
4.000000000000000000e+00
2.500000000000000000e+00
2.080000000000000071e+01
1.650000000000000000e+01
2.700000000000000178e+00
2.100000000000000000e+01
3.620000000000000284e+01
1.400000000000000000e+01
1.369999999999999929e+01
1.769999999999999929e+01
3.500000000000000000e+00
0.000000000000000000e+00
0.000000000000000000e+00
7.700000000000000178e+00
4.500000000000000000e+00
1.430000000000000071e+01
1.150000000000000000e+01
1.550000000000000000e+01
2.319999999999999929e+01
0.000000000000000000e+00
8.300000000000000711e+00
3.950000000000000000e+01
3.500000000000000000e+01
3.250000000000000000e+01
1.919999999999999929e+01
2.050000000000000000e+01
1.750000000000000000e+01
6.679999999999999716e+01
4.500000000000000000e+01
4.829999999999999716e+01
5.000000000000000000e+01
5.170000000000000284e+01
5.329999999999999716e+01
5.200000000000000000e+01
5.829999999999999716e+01
6.450000000000000000e+01
5.579999999999999716e+01
5.429999999999999716e+01
6.629999999999999716e+01
8.029999999999999716e+01
7.970000000000000284e+01
7.829999999999999716e+01
6.800000000000000000e+01
7.000000000000000000e+01
7.329999999999999716e+01
7.670000000000000284e+01
8.000000000000000000e+01
8.329999999999999716e+01
8.629999999999999716e+01
6.420000000000000284e+01
5.750000000000000000e+01
8.329999999999999716e+01
8.329999999999999716e+01
8.470000000000000284e+01
4.920000000000000284e+01
4.170000000000000284e+01
7.379999999999999716e+01
6.000000000000000000e+01
8.050000000000000000e+01
5.679999999999999716e+01
7.550000000000000000e+01
9.050000000000000000e+01
8.500000000000000000e+01
8.000000000000000000e+01
7.550000000000000000e+01
8.050000000000000000e+01
8.000000000000000000e+01
8.429999999999999716e+01
5.570000000000000284e+01
5.800000000000000000e+01
4.970000000000000284e+01
7.179999999999999716e+01
8.829999999999999716e+01
1.037999999999999972e+02
1.017000000000000028e+02
1.000000000000000000e+02
1.017000000000000028e+02
7.350000000000000000e+01
8.570000000000000284e+01
6.250000000000000000e+01
6.500000000000000000e+01
6.750000000000000000e+01
6.270000000000000284e+01
7.120000000000000284e+01
7.400000000000000000e+01
4.900000000000000000e+01
6.829999999999999716e+01
6.379999999999999716e+01
6.500000000000000000e+01
4.929999999999999716e+01
5.450000000000000000e+01
4.620000000000000284e+01
4.400000000000000000e+01
4.270000000000000284e+01
5.000000000000000000e+01
4.379999999999999716e+01
4.000000000000000000e+01
4.500000000000000000e+01
4.170000000000000284e+01
4.000000000000000000e+01
2.000000000000000000e+01
2.030000000000000071e+01
1.600000000000000000e+01
3.970000000000000284e+01
1.669999999999999929e+01
2.000000000000000000e+01
2.119999999999999929e+01
2.000000000000000000e+01
9.500000000000000000e+00
1.330000000000000071e+01
4.299999999999999822e+00
0.000000000000000000e+00
0.000000000000000000e+00
7.500000000000000000e+00
0.000000000000000000e+00
2.050000000000000000e+01
2.250000000000000000e+01
2.250000000000000000e+01
1.119999999999999929e+01
1.330000000000000071e+01
1.950000000000000000e+01
7.799999999999999822e+00
1.750000000000000000e+01
2.050000000000000000e+01
1.200000000000000000e+01
1.530000000000000071e+01
1.500000000000000000e+00
4.200000000000000178e+00
3.299999999999999822e+00
1.280000000000000071e+01
5.000000000000000000e-01
2.999999999999999889e-01
6.999999999999999556e-01
0.000000000000000000e+00
0.000000000000000000e+00
0.000000000000000000e+00
0.000000000000000000e+00
0.000000000000000000e+00
0.000000000000000000e+00
0.000000000000000000e+00
0.000000000000000000e+00
0.000000000000000000e+00
0.000000000000000000e+00
0.000000000000000000e+00
0.000000000000000000e+00
0.000000000000000000e+00
0.000000000000000000e+00
0.000000000000000000e+00
0.000000000000000000e+00
0.000000000000000000e+00
0.000000000000000000e+00
0.000000000000000000e+00
0.000000000000000000e+00
0.000000000000000000e+00
1.100000000000000000e+01
0.000000000000000000e+00
4.000000000000000000e+00
1.019999999999999929e+01
1.300000000000000044e+00
1.800000000000000044e+00
1.880000000000000071e+01
3.200000000000000178e+00
1.199999999999999956e+00
0.000000000000000000e+00
1.699999999999999956e+00
2.200000000000000178e+00
8.000000000000000444e-01
2.600000000000000000e+01
8.699999999999999289e+00
6.500000000000000000e+00
1.319999999999999929e+01
1.680000000000000071e+01
0.000000000000000000e+00
1.719999999999999929e+01
3.200000000000000178e+00
2.769999999999999929e+01
9.199999999999999289e+00
1.869999999999999929e+01
3.050000000000000000e+01
1.400000000000000000e+01
2.550000000000000000e+01
4.629999999999999716e+01
2.780000000000000071e+01
2.380000000000000071e+01
3.700000000000000000e+01
2.000000000000000000e+01
9.500000000000000000e+00
3.970000000000000284e+01
9.699999999999999289e+00
2.480000000000000071e+01
3.080000000000000071e+01
3.799999999999999822e+00
1.350000000000000000e+01
3.220000000000000284e+01
2.419999999999999929e+01
3.350000000000000000e+01
3.200000000000000000e+01
5.370000000000000284e+01
4.370000000000000284e+01
5.270000000000000284e+01
1.630000000000000071e+01
9.320000000000000284e+01
5.920000000000000284e+01
7.870000000000000284e+01
5.250000000000000000e+01
5.579999999999999716e+01
6.200000000000000000e+01
1.082999999999999972e+02
4.379999999999999716e+01
1.147000000000000028e+02
1.227999999999999972e+02
9.800000000000000000e+01
7.379999999999999716e+01
7.270000000000000284e+01
6.470000000000000284e+01
3.870000000000000284e+01
7.970000000000000284e+01
9.400000000000000000e+01
6.350000000000000000e+01
4.979999999999999716e+01
6.070000000000000284e+01
9.650000000000000000e+01
1.603000000000000114e+02
4.400000000000000000e+01
3.529999999999999716e+01
6.670000000000000284e+01
8.329999999999999716e+01
7.500000000000000000e+01
6.120000000000000284e+01
4.270000000000000284e+01
4.820000000000000284e+01
4.729999999999999716e+01
5.810000000000000142e+01
3.739999999999999858e+01
4.239999999999999858e+01
5.750000000000000000e+01
8.850000000000000000e+01
6.079999999999999716e+01
4.679999999999999716e+01
5.260000000000000142e+01
4.339999999999999858e+01
5.279999999999999716e+01
1.830000000000000071e+01
4.300000000000000000e+01
5.470000000000000284e+01
3.460000000000000142e+01
6.299999999999999822e+00
3.370000000000000284e+01
3.260000000000000142e+01
5.829999999999999716e+01
5.250000000000000000e+01
4.350000000000000000e+01
2.480000000000000071e+01
4.589999999999999858e+01
4.179999999999999716e+01
5.089999999999999858e+01
3.200000000000000000e+01
4.439999999999999858e+01
7.500000000000000000e+00
3.229999999999999716e+01
4.889999999999999858e+01
1.789999999999999858e+01
3.410000000000000142e+01
4.310000000000000142e+01
8.599999999999999645e+00
1.490000000000000036e+01
1.319999999999999929e+01
1.509999999999999964e+01
3.600000000000000000e+01
7.000000000000000000e+00
9.500000000000000000e+00
1.519999999999999929e+01
2.799999999999999822e+00
3.000000000000000000e+00
4.299999999999999822e+00
8.000000000000000000e+00
7.299999999999999822e+00
3.139999999999999858e+01
7.299999999999999822e+00
4.000000000000000222e-01
0.000000000000000000e+00
1.500000000000000000e+00
2.689999999999999858e+01
2.169999999999999929e+01
2.399999999999999911e+00
9.300000000000000711e+00
1.319999999999999929e+01
3.399999999999999911e+00
0.000000000000000000e+00
5.999999999999999778e-01
0.000000000000000000e+00
0.000000000000000000e+00
0.000000000000000000e+00
0.000000000000000000e+00
1.000000000000000000e+00
0.000000000000000000e+00
0.000000000000000000e+00
0.000000000000000000e+00
8.000000000000000444e-01
0.000000000000000000e+00
0.000000000000000000e+00
0.000000000000000000e+00
0.000000000000000000e+00
3.400000000000000000e+01
3.600000000000000000e+01
1.800000000000000000e+01
0.000000000000000000e+00
3.229999999999999716e+01
4.599999999999999645e+00
0.000000000000000000e+00
0.000000000000000000e+00
2.299999999999999822e+00
3.429999999999999716e+01
4.200000000000000000e+01
0.000000000000000000e+00
1.399999999999999911e+00
8.400000000000000355e+00
2.589999999999999858e+01
3.739999999999999858e+01
6.200000000000000178e+00
2.580000000000000071e+01
2.560000000000000142e+01
5.150000000000000000e+01
4.279999999999999716e+01
2.619999999999999929e+01
2.600000000000000000e+01
1.960000000000000142e+01
3.670000000000000284e+01
2.939999999999999858e+01
3.019999999999999929e+01
6.129999999999999716e+01
4.000000000000000000e+01
5.389999999999999858e+01
6.170000000000000284e+01
8.750000000000000000e+01
6.600000000000000000e+01
3.160000000000000142e+01
8.440000000000000568e+01
6.579999999999999716e+01
1.135999999999999943e+02
5.770000000000000284e+01
7.900000000000000000e+01
9.629999999999999716e+01
7.670000000000000284e+01
9.379999999999999716e+01
9.440000000000000568e+01
7.040000000000000568e+01
8.940000000000000568e+01
8.259999999999999432e+01
9.350000000000000000e+01
8.040000000000000568e+01
7.679999999999999716e+01
8.800000000000000000e+01
1.072999999999999972e+02
1.085000000000000000e+02
1.019000000000000057e+02
1.485999999999999943e+02
1.634000000000000057e+02
9.040000000000000568e+01
1.272999999999999972e+02
8.390000000000000568e+01
9.109999999999999432e+01
9.500000000000000000e+01
7.809999999999999432e+01
7.159999999999999432e+01
8.229999999999999716e+01
1.205999999999999943e+02
1.584000000000000057e+02
1.122999999999999972e+02
1.232000000000000028e+02
1.515000000000000000e+02
1.293000000000000114e+02
8.800000000000000000e+01
9.529999999999999716e+01
1.127000000000000028e+02
9.409999999999999432e+01
8.700000000000000000e+01
1.200999999999999943e+02
1.410000000000000000e+02
1.773000000000000114e+02
1.105000000000000000e+02
1.084000000000000057e+02
7.320000000000000284e+01
8.459999999999999432e+01
1.034000000000000057e+02
1.405999999999999943e+02
1.354000000000000057e+02
1.368000000000000114e+02
7.900000000000000000e+01
8.359999999999999432e+01
1.558000000000000114e+02
9.090000000000000568e+01
6.339999999999999858e+01
5.560000000000000142e+01
7.540000000000000568e+01
9.159999999999999432e+01
6.320000000000000284e+01
7.709999999999999432e+01
7.250000000000000000e+01
4.829999999999999716e+01
5.150000000000000000e+01
9.259999999999999432e+01
9.190000000000000568e+01
4.479999999999999716e+01
6.890000000000000568e+01
4.450000000000000000e+01
2.330000000000000071e+01
1.480000000000000071e+01
1.369999999999999929e+01
3.520000000000000284e+01
2.380000000000000071e+01
4.579999999999999716e+01
1.869999999999999929e+01
2.489999999999999858e+01
1.960000000000000142e+01
4.599999999999999645e+00
2.150000000000000000e+01
1.699999999999999956e+00
1.159999999999999964e+01
9.500000000000000000e+00
1.930000000000000071e+01
1.250000000000000000e+01
9.800000000000000711e+00
1.660000000000000142e+01
8.199999999999999289e+00
3.010000000000000142e+01
6.500000000000000000e+00
2.399999999999999911e+00
1.480000000000000071e+01
1.309999999999999964e+01
1.440000000000000036e+01
6.599999999999999645e+00
1.919999999999999929e+01
4.129999999999999716e+01
5.089999999999999858e+01
5.750000000000000000e+01
1.240000000000000036e+01
4.070000000000000284e+01
3.270000000000000284e+01
1.024000000000000057e+02
7.259999999999999432e+01
5.520000000000000284e+01
9.959999999999999432e+01
9.850000000000000000e+01
1.680000000000000000e+02
1.585999999999999943e+02
1.666999999999999886e+02
1.293000000000000114e+02
1.475999999999999943e+02
1.794000000000000057e+02
1.636999999999999886e+02
2.380000000000000000e+02
1.856999999999999886e+02
2.079000000000000057e+02
1.945999999999999943e+02
1.795999999999999943e+02
1.585000000000000000e+02
2.289000000000000057e+02
2.015000000000000000e+02
3.438000000000000114e+02
3.133999999999999773e+02
2.926000000000000227e+02
2.243000000000000114e+02
2.303000000000000114e+02
1.860999999999999943e+02
2.633999999999999773e+02
2.711999999999999886e+02
2.235000000000000000e+02
1.604000000000000057e+02
2.061999999999999886e+02
1.784000000000000057e+02
2.160999999999999943e+02
2.415000000000000000e+02
1.413000000000000114e+02
2.345000000000000000e+02
2.110999999999999943e+02
2.294000000000000057e+02
1.575999999999999943e+02
1.804000000000000057e+02
1.313000000000000114e+02
1.227000000000000028e+02
1.515000000000000000e+02
1.291999999999999886e+02
1.329000000000000057e+02
1.759000000000000057e+02
1.708000000000000114e+02
1.295000000000000000e+02
1.029000000000000057e+02
8.959999999999999432e+01
9.120000000000000284e+01
1.413000000000000114e+02
2.188000000000000114e+02
2.210999999999999943e+02
1.515000000000000000e+02
1.147000000000000028e+02
1.062000000000000028e+02
1.354000000000000057e+02
1.460999999999999943e+02
1.129000000000000057e+02
1.097999999999999972e+02
1.154000000000000057e+02
8.090000000000000568e+01
1.010000000000000000e+02
9.640000000000000568e+01
1.232999999999999972e+02
9.170000000000000284e+01
9.040000000000000568e+01
8.950000000000000000e+01
4.010000000000000142e+01
4.989999999999999858e+01
4.960000000000000142e+01
6.690000000000000568e+01
1.124000000000000057e+02
9.279999999999999716e+01
5.139999999999999858e+01
6.540000000000000568e+01
6.089999999999999858e+01
4.739999999999999858e+01
3.289999999999999858e+01
6.479999999999999716e+01
3.400000000000000000e+01
3.679999999999999716e+01
3.620000000000000284e+01
4.489999999999999858e+01
4.139999999999999858e+01
3.420000000000000284e+01
2.100000000000000000e+01
4.439999999999999858e+01
3.060000000000000142e+01
6.350000000000000000e+01
6.750000000000000000e+01
2.930000000000000071e+01
2.219999999999999929e+01
5.900000000000000355e+00
1.390000000000000036e+01
1.580000000000000071e+01
3.510000000000000142e+01
1.760000000000000142e+01
1.590000000000000036e+01
1.960000000000000142e+01
6.900000000000000355e+00
8.900000000000000355e+00
3.169999999999999929e+01
2.119999999999999929e+01
1.569999999999999929e+01
2.450000000000000000e+01
2.250000000000000000e+01
3.460000000000000142e+01
1.919999999999999929e+01
6.200000000000000178e+00
3.520000000000000284e+01
3.970000000000000284e+01
1.159999999999999964e+01
3.589999999999999858e+01
1.789999999999999858e+01
3.600000000000000000e+01
4.279999999999999716e+01
7.279999999999999716e+01
7.209999999999999432e+01
9.500000000000000000e+01
7.970000000000000284e+01
5.179999999999999716e+01
5.100000000000000000e+01
5.389999999999999858e+01
4.929999999999999716e+01
6.779999999999999716e+01
6.570000000000000284e+01
9.950000000000000000e+01
6.459999999999999432e+01
8.490000000000000568e+01
1.065000000000000000e+02
1.155000000000000000e+02
9.990000000000000568e+01
1.084000000000000057e+02
7.750000000000000000e+01
9.129999999999999716e+01
1.785999999999999943e+02
9.340000000000000568e+01
1.005999999999999943e+02
1.090999999999999943e+02
1.044000000000000057e+02
7.490000000000000568e+01
1.430000000000000000e+02
7.459999999999999432e+01
1.257000000000000028e+02
1.421999999999999886e+02
8.709999999999999432e+01
2.343000000000000114e+02
2.681999999999999886e+02
3.006000000000000227e+02
2.315000000000000000e+02
1.825999999999999943e+02
2.651999999999999886e+02
1.864000000000000057e+02
1.811999999999999886e+02
1.785999999999999943e+02
1.705000000000000000e+02
2.149000000000000057e+02
2.320000000000000000e+02
2.209000000000000057e+02
1.673000000000000114e+02
2.205999999999999943e+02
1.910000000000000000e+02
2.658000000000000114e+02
2.983000000000000114e+02
2.503000000000000114e+02
1.826999999999999886e+02
1.946999999999999886e+02
1.531999999999999886e+02
1.541999999999999886e+02
1.481999999999999886e+02
1.285999999999999943e+02
1.780000000000000000e+02
1.356999999999999886e+02
1.881999999999999886e+02
1.843000000000000114e+02
1.481999999999999886e+02
1.698000000000000114e+02
1.568000000000000114e+02
8.379999999999999716e+01
1.170000000000000000e+02
1.330000000000000000e+02
7.429999999999999716e+01
1.170000000000000000e+02
1.636999999999999886e+02
1.349000000000000057e+02
1.040999999999999943e+02
1.159000000000000057e+02
1.435000000000000000e+02
2.000999999999999943e+02
1.227999999999999972e+02
1.072999999999999972e+02
1.189000000000000057e+02
1.200000000000000000e+02
6.859999999999999432e+01
1.090000000000000000e+02
1.289000000000000057e+02
1.187000000000000028e+02
9.679999999999999716e+01
1.355000000000000000e+02
1.299000000000000057e+02
1.262000000000000028e+02
1.162000000000000028e+02
1.242999999999999972e+02
1.042999999999999972e+02
8.900000000000000000e+01
8.000000000000000000e+01
7.529999999999999716e+01
7.120000000000000284e+01
1.279000000000000057e+02
1.030999999999999943e+02
8.609999999999999432e+01
7.790000000000000568e+01
8.150000000000000000e+01
7.159999999999999432e+01
9.040000000000000568e+01
6.590000000000000568e+01
7.600000000000000000e+01
8.720000000000000284e+01
9.579999999999999716e+01
6.370000000000000284e+01
8.050000000000000000e+01
5.470000000000000284e+01
4.450000000000000000e+01
2.930000000000000071e+01
3.800000000000000000e+01
3.939999999999999858e+01
5.029999999999999716e+01
4.560000000000000142e+01
4.010000000000000142e+01
3.550000000000000000e+01
3.010000000000000142e+01
4.260000000000000142e+01
2.410000000000000142e+01
5.350000000000000000e+01
4.110000000000000142e+01
2.339999999999999858e+01
2.160000000000000142e+01
3.300000000000000000e+01
8.400000000000000355e+00
1.730000000000000071e+01
1.000000000000000000e+01
6.999999999999999556e-01
5.900000000000000355e+00
0.000000000000000000e+00
1.830000000000000071e+01
7.900000000000000355e+00
5.799999999999999822e+00
1.000000000000000000e+00
9.300000000000000711e+00
6.999999999999999556e-01
1.240000000000000036e+01
0.000000000000000000e+00
9.800000000000000711e+00
8.800000000000000711e+00
1.130000000000000071e+01
8.400000000000000355e+00
8.500000000000000000e+00
1.469999999999999929e+01
1.369999999999999929e+01
2.600000000000000000e+01
1.419999999999999929e+01
1.000000000000000000e+01
2.110000000000000142e+01
5.420000000000000284e+01
3.050000000000000000e+01
4.220000000000000284e+01
3.200000000000000000e+01
8.059999999999999432e+01
7.709999999999999432e+01
5.960000000000000142e+01
7.070000000000000284e+01
7.420000000000000284e+01
6.629999999999999716e+01
1.092000000000000028e+02
7.279999999999999716e+01
7.859999999999999432e+01
8.450000000000000000e+01
1.077000000000000028e+02
1.049000000000000057e+02
1.521999999999999886e+02
1.731999999999999886e+02
9.859999999999999432e+01
1.270000000000000000e+02
1.590000000000000000e+02
1.664000000000000057e+02
1.715000000000000000e+02
1.629000000000000057e+02
1.728000000000000114e+02
1.651999999999999886e+02
1.806999999999999886e+02
2.030000000000000000e+02
2.009000000000000057e+02
2.178000000000000114e+02
1.845999999999999943e+02
1.539000000000000057e+02
1.565999999999999943e+02
1.679000000000000057e+02
1.880000000000000000e+02
1.356999999999999886e+02
2.035000000000000000e+02
2.063000000000000114e+02
2.219000000000000057e+02
1.905000000000000000e+02
1.751999999999999886e+02
1.710999999999999943e+02
1.860000000000000000e+02
1.816999999999999886e+02
1.185000000000000000e+02
1.475000000000000000e+02
1.920000000000000000e+02
1.870999999999999943e+02
1.077999999999999972e+02
1.675000000000000000e+02
1.481999999999999886e+02
1.566999999999999886e+02
1.519000000000000057e+02
1.277000000000000028e+02
1.020000000000000000e+02
1.528000000000000114e+02
1.199000000000000057e+02
1.224000000000000057e+02
8.270000000000000284e+01
1.020999999999999943e+02
1.224000000000000057e+02
1.596999999999999886e+02
1.395000000000000000e+02
1.187000000000000028e+02
1.264000000000000057e+02
7.979999999999999716e+01
9.600000000000000000e+01
7.759999999999999432e+01
9.179999999999999716e+01
1.077000000000000028e+02
1.260000000000000000e+02
7.709999999999999432e+01
1.020999999999999943e+02
7.759999999999999432e+01
6.200000000000000000e+01
9.129999999999999716e+01
4.170000000000000284e+01
7.570000000000000284e+01
7.159999999999999432e+01
7.809999999999999432e+01
1.097000000000000028e+02
8.950000000000000000e+01
1.259000000000000057e+02
6.809999999999999432e+01
7.709999999999999432e+01
1.099000000000000057e+02
1.037999999999999972e+02
1.040999999999999943e+02
5.420000000000000284e+01
6.440000000000000568e+01
1.092999999999999972e+02
5.429999999999999716e+01
9.250000000000000000e+01
7.459999999999999432e+01
7.500000000000000000e+01
5.589999999999999858e+01
6.559999999999999432e+01
6.379999999999999716e+01
5.079999999999999716e+01
7.179999999999999716e+01
4.100000000000000000e+01
3.250000000000000000e+01
4.670000000000000284e+01
2.430000000000000071e+01
6.000000000000000000e+01
7.290000000000000568e+01
4.660000000000000142e+01
3.350000000000000000e+01
2.460000000000000142e+01
3.139999999999999858e+01
1.760000000000000142e+01
2.419999999999999929e+01
1.390000000000000036e+01
2.680000000000000071e+01
1.719999999999999929e+01
2.899999999999999911e+00
0.000000000000000000e+00
1.399999999999999911e+00
1.739999999999999858e+01
9.699999999999999289e+00
5.500000000000000000e+00
2.799999999999999822e+00
9.500000000000000000e+00
9.099999999999999645e+00
1.869999999999999929e+01
2.550000000000000000e+01
1.810000000000000142e+01
4.789999999999999858e+01
2.589999999999999858e+01
2.630000000000000071e+01
4.400000000000000000e+01
6.110000000000000142e+01
4.450000000000000000e+01
5.179999999999999716e+01
4.829999999999999716e+01
5.729999999999999716e+01
7.870000000000000284e+01
1.027999999999999972e+02
9.870000000000000284e+01
1.127999999999999972e+02
1.015999999999999943e+02
9.990000000000000568e+01
8.800000000000000000e+01
6.840000000000000568e+01
1.734000000000000057e+02
1.806999999999999886e+02
9.879999999999999716e+01
1.326999999999999886e+02
1.345000000000000000e+02
9.900000000000000000e+01
1.301999999999999886e+02
1.740999999999999943e+02
1.290000000000000000e+02
1.916999999999999886e+02
2.626999999999999886e+02
2.668999999999999773e+02
2.936000000000000227e+02
2.263000000000000114e+02
2.209000000000000057e+02
2.565000000000000000e+02
2.268000000000000114e+02
2.443000000000000114e+02
2.460000000000000000e+02
2.166999999999999886e+02
1.471999999999999886e+02
2.090000000000000000e+02
2.386999999999999886e+02
2.708999999999999773e+02
2.425999999999999943e+02
1.529000000000000057e+02
1.718000000000000114e+02
1.836999999999999886e+02
1.339000000000000057e+02
1.485000000000000000e+02
1.756999999999999886e+02
1.508000000000000114e+02
1.326999999999999886e+02
2.003000000000000114e+02
1.475000000000000000e+02
1.704000000000000057e+02
1.795000000000000000e+02
1.833000000000000114e+02
1.760000000000000000e+02
1.550000000000000000e+02
1.910999999999999943e+02
1.711999999999999886e+02
1.868000000000000114e+02
1.399000000000000057e+02
1.445999999999999943e+02
1.784000000000000057e+02
1.640000000000000000e+02
1.270999999999999943e+02
8.000000000000000000e+01
7.479999999999999716e+01
1.117000000000000028e+02
1.137999999999999972e+02
7.870000000000000284e+01
7.859999999999999432e+01
9.250000000000000000e+01
8.200000000000000000e+01
1.014000000000000057e+02
1.070999999999999943e+02
7.750000000000000000e+01
5.350000000000000000e+01
7.459999999999999432e+01
6.379999999999999716e+01
1.132000000000000028e+02
1.022999999999999972e+02
4.679999999999999716e+01
5.739999999999999858e+01
4.820000000000000284e+01
4.879999999999999716e+01
2.439999999999999858e+01
3.589999999999999858e+01
5.639999999999999858e+01
4.860000000000000142e+01
1.919999999999999929e+01
3.989999999999999858e+01
2.089999999999999858e+01
2.439999999999999858e+01
4.000000000000000000e+00
2.130000000000000071e+01
2.960000000000000142e+01
1.650000000000000000e+01
2.389999999999999858e+01
2.510000000000000142e+01
5.110000000000000142e+01
3.899999999999999911e+00
8.500000000000000000e+00
2.700000000000000178e+00
2.550000000000000000e+01
1.480000000000000071e+01
1.660000000000000142e+01
2.389999999999999858e+01
1.660000000000000142e+01
1.359999999999999964e+01
4.060000000000000142e+01
1.450000000000000000e+01
1.989999999999999858e+01
2.630000000000000071e+01
3.610000000000000142e+01
2.360000000000000142e+01
1.000000000000000000e+01
1.050000000000000000e+01
2.810000000000000142e+01
1.119999999999999929e+01
2.360000000000000142e+01
3.500000000000000000e+00
5.500000000000000000e+00
1.100000000000000000e+01
1.309999999999999964e+01
2.000000000000000111e-01
9.900000000000000355e+00
1.069999999999999929e+01
2.000000000000000111e-01
0.000000000000000000e+00
8.800000000000000711e+00
1.899999999999999911e+00
6.799999999999999822e+00
9.000000000000000222e-01
1.600000000000000089e+00
9.000000000000000222e-01
0.000000000000000000e+00
1.040000000000000036e+01
4.000000000000000000e+00
8.000000000000000000e+00
1.259999999999999964e+01
1.789999999999999858e+01
1.009999999999999964e+01
2.039999999999999858e+01
2.189999999999999858e+01
1.219999999999999929e+01
4.010000000000000142e+01
4.539999999999999858e+01
3.210000000000000142e+01
3.239999999999999858e+01
3.910000000000000142e+01
5.689999999999999858e+01
3.650000000000000000e+01
8.029999999999999716e+01
1.100999999999999943e+02
7.170000000000000284e+01
5.110000000000000142e+01
4.939999999999999858e+01
6.060000000000000142e+01
8.859999999999999432e+01
8.579999999999999716e+01
8.609999999999999432e+01
7.250000000000000000e+01
1.007999999999999972e+02
1.281999999999999886e+02
9.729999999999999716e+01
8.859999999999999432e+01
1.072999999999999972e+02
9.150000000000000000e+01
7.879999999999999716e+01
7.500000000000000000e+01
1.159000000000000057e+02
1.115000000000000000e+02
1.595999999999999943e+02
1.069000000000000057e+02
7.540000000000000568e+01
7.570000000000000284e+01
6.750000000000000000e+01
9.609999999999999432e+01
9.859999999999999432e+01
1.405999999999999943e+02
6.970000000000000284e+01
1.010000000000000000e+02
7.820000000000000284e+01
7.129999999999999716e+01
1.368000000000000114e+02
5.250000000000000000e+01
1.272000000000000028e+02
1.344000000000000057e+02
7.659999999999999432e+01
8.779999999999999716e+01
1.395999999999999943e+02
1.408000000000000114e+02
1.265000000000000000e+02
1.525999999999999943e+02
1.448000000000000114e+02
1.458000000000000114e+02
1.269000000000000057e+02
1.109000000000000057e+02
8.529999999999999716e+01
8.850000000000000000e+01
9.309999999999999432e+01
1.030999999999999943e+02
7.959999999999999432e+01
6.089999999999999858e+01
7.859999999999999432e+01
7.140000000000000568e+01
1.197000000000000028e+02
8.290000000000000568e+01
9.170000000000000284e+01
1.215999999999999943e+02
1.395000000000000000e+02
1.109000000000000057e+02
8.350000000000000000e+01
6.600000000000000000e+01
6.450000000000000000e+01
5.160000000000000142e+01
3.629999999999999716e+01
4.979999999999999716e+01
4.320000000000000284e+01
9.550000000000000000e+01
7.290000000000000568e+01
5.120000000000000284e+01
4.529999999999999716e+01
5.039999999999999858e+01
2.810000000000000142e+01
3.570000000000000284e+01
1.440000000000000036e+01
5.999999999999999778e-01
2.169999999999999929e+01
1.700000000000000000e+01
2.200000000000000000e+01
7.099999999999999645e+00
1.159999999999999964e+01
3.339999999999999858e+01
2.610000000000000142e+01
3.889999999999999858e+01
3.570000000000000284e+01
1.240000000000000036e+01
1.100000000000000000e+01
1.150000000000000000e+01
3.450000000000000000e+01
2.119999999999999929e+01
1.180000000000000071e+01
1.309999999999999964e+01
8.500000000000000000e+00
1.169999999999999929e+01
1.180000000000000071e+01
5.000000000000000000e+00
4.599999999999999645e+00
1.459999999999999964e+01
3.399999999999999911e+00
1.789999999999999858e+01
1.109999999999999964e+01
1.300000000000000044e+00
1.419999999999999929e+01
1.109999999999999964e+01
7.299999999999999822e+00
4.000000000000000000e+00
1.080000000000000071e+01
1.580000000000000071e+01
3.429999999999999716e+01
1.090000000000000036e+01
3.399999999999999911e+00
2.999999999999999889e-01
1.119999999999999929e+01
8.800000000000000711e+00
1.100000000000000089e+00
8.500000000000000000e+00
2.700000000000000178e+00
7.900000000000000355e+00
2.200000000000000178e+00
1.930000000000000071e+01
1.419999999999999929e+01
2.860000000000000142e+01
1.860000000000000142e+01
1.590000000000000036e+01
1.309999999999999964e+01
2.250000000000000000e+01
3.689999999999999858e+01
1.719999999999999929e+01
3.420000000000000284e+01
6.850000000000000000e+01
8.040000000000000568e+01
9.800000000000000000e+01
5.510000000000000142e+01
8.970000000000000284e+01
8.600000000000000000e+01
6.979999999999999716e+01
5.429999999999999716e+01
1.152000000000000028e+02
1.260999999999999943e+02
8.329999999999999716e+01
1.160000000000000000e+02
1.326999999999999886e+02
1.272999999999999972e+02
1.275999999999999943e+02
1.690000000000000000e+02
1.047000000000000028e+02
1.175000000000000000e+02
1.089000000000000057e+02
1.310000000000000000e+02
1.250000000000000000e+02
1.215999999999999943e+02
1.095000000000000000e+02
1.468000000000000114e+02
1.413000000000000114e+02
1.498000000000000114e+02
1.475999999999999943e+02
2.154000000000000057e+02
1.299000000000000057e+02
1.333000000000000114e+02
1.252000000000000028e+02
1.564000000000000057e+02
1.385999999999999943e+02
1.410000000000000000e+02
8.709999999999999432e+01
1.360000000000000000e+02
1.686999999999999886e+02
1.648000000000000114e+02
1.766999999999999886e+02
1.170999999999999943e+02
1.100000000000000000e+02
1.257000000000000028e+02
9.429999999999999716e+01
1.000999999999999943e+02
1.054000000000000057e+02
1.120000000000000000e+02
1.015999999999999943e+02
1.281999999999999886e+02
1.125000000000000000e+02
1.190999999999999943e+02
7.970000000000000284e+01
1.149000000000000057e+02
9.609999999999999432e+01
1.132000000000000028e+02
7.859999999999999432e+01
1.179000000000000057e+02
4.839999999999999858e+01
9.570000000000000284e+01
8.650000000000000000e+01
7.300000000000000000e+01
4.610000000000000142e+01
8.170000000000000284e+01
7.520000000000000284e+01
4.539999999999999858e+01
1.022000000000000028e+02
4.789999999999999858e+01
6.329999999999999716e+01
7.100000000000000000e+01
6.759999999999999432e+01
4.900000000000000000e+01
4.870000000000000284e+01
5.170000000000000284e+01
3.329999999999999716e+01
1.889999999999999858e+01
4.610000000000000142e+01
3.639999999999999858e+01
8.040000000000000568e+01
2.389999999999999858e+01
1.400000000000000000e+01
5.550000000000000000e+01
5.039999999999999858e+01
6.070000000000000284e+01
6.389999999999999858e+01
2.419999999999999929e+01
4.300000000000000000e+01
3.710000000000000142e+01
1.500000000000000000e+01
5.229999999999999716e+01
5.810000000000000142e+01
5.710000000000000142e+01
5.160000000000000142e+01
2.110000000000000142e+01
3.239999999999999858e+01
1.530000000000000071e+01
3.030000000000000071e+01
2.360000000000000142e+01
1.290000000000000036e+01
3.410000000000000142e+01
2.250000000000000000e+01
4.900000000000000355e+00
1.400000000000000000e+01
2.169999999999999929e+01
1.300000000000000000e+01
1.760000000000000142e+01
1.569999999999999929e+01
2.280000000000000071e+01
1.440000000000000036e+01
2.680000000000000071e+01
2.530000000000000071e+01
2.010000000000000142e+01
1.390000000000000036e+01
7.099999999999999645e+00
1.390000000000000036e+01
2.160000000000000142e+01
7.500000000000000000e+00
5.000000000000000000e-01
4.000000000000000222e-01
4.000000000000000000e+00
7.400000000000000355e+00
0.000000000000000000e+00
1.700000000000000000e+01
9.699999999999999289e+00
1.199999999999999956e+00
1.699999999999999956e+00
9.000000000000000222e-01
6.299999999999999822e+00
6.400000000000000355e+00
0.000000000000000000e+00
9.300000000000000711e+00
0.000000000000000000e+00
2.069999999999999929e+01
0.000000000000000000e+00
4.700000000000000178e+00
2.399999999999999911e+00
1.500000000000000000e+00
3.799999999999999822e+00
1.259999999999999964e+01
2.719999999999999929e+01
1.719999999999999929e+01
1.800000000000000044e+00
1.390000000000000036e+01
2.839999999999999858e+01
2.250000000000000000e+01
4.350000000000000000e+01
2.430000000000000071e+01
2.719999999999999929e+01
4.639999999999999858e+01
4.800000000000000000e+01
1.850000000000000000e+01
6.479999999999999716e+01
7.420000000000000284e+01
7.620000000000000284e+01
5.260000000000000142e+01
4.079999999999999716e+01
6.189999999999999858e+01
7.159999999999999432e+01
6.570000000000000284e+01
6.979999999999999716e+01
8.429999999999999716e+01
9.709999999999999432e+01
5.020000000000000284e+01
9.040000000000000568e+01
6.339999999999999858e+01
9.109999999999999432e+01
9.120000000000000284e+01
1.430000000000000000e+02
9.429999999999999716e+01
6.550000000000000000e+01
7.990000000000000568e+01
8.159999999999999432e+01
1.215999999999999943e+02
9.809999999999999432e+01
9.179999999999999716e+01
1.311999999999999886e+02
1.786999999999999886e+02
9.250000000000000000e+01
7.579999999999999716e+01
5.229999999999999716e+01
1.074000000000000057e+02
9.220000000000000284e+01
9.620000000000000284e+01
1.052999999999999972e+02
1.726999999999999886e+02
7.959999999999999432e+01
9.350000000000000000e+01
2.969999999999999929e+01
6.479999999999999716e+01
1.080000000000000000e+02
1.274000000000000057e+02
1.803000000000000114e+02
1.010999999999999943e+02
8.759999999999999432e+01
7.140000000000000568e+01
6.720000000000000284e+01
8.290000000000000568e+01
9.050000000000000000e+01
1.416999999999999886e+02
1.090999999999999943e+02
1.025000000000000000e+02
7.890000000000000568e+01
6.540000000000000568e+01
5.660000000000000142e+01
4.789999999999999858e+01
9.609999999999999432e+01
6.800000000000000000e+01
8.020000000000000284e+01
6.579999999999999716e+01
1.509000000000000057e+02
1.449000000000000057e+02
5.389999999999999858e+01
7.590000000000000568e+01
6.590000000000000568e+01
9.459999999999999432e+01
7.759999999999999432e+01
1.105000000000000000e+02
5.370000000000000284e+01
6.000000000000000000e+01
3.779999999999999716e+01
5.960000000000000142e+01
3.850000000000000000e+01
6.470000000000000284e+01
9.740000000000000568e+01
9.300000000000000000e+01
9.020000000000000284e+01
4.400000000000000000e+01
5.250000000000000000e+01
3.570000000000000284e+01
1.409999999999999964e+01
3.689999999999999858e+01
2.050000000000000000e+01
2.350000000000000000e+01
1.930000000000000071e+01
4.370000000000000284e+01
6.389999999999999858e+01
8.300000000000000711e+00
9.599999999999999645e+00
5.599999999999999645e+00
1.500000000000000000e+01
1.300000000000000000e+01
2.760000000000000142e+01
1.509999999999999964e+01
3.700000000000000178e+00
5.900000000000000355e+00
6.700000000000000178e+00
6.700000000000000178e+00
4.500000000000000000e+00
7.000000000000000000e+00
3.700000000000000178e+00
4.000000000000000222e-01
0.000000000000000000e+00
8.199999999999999289e+00
7.599999999999999645e+00
7.400000000000000355e+00
6.900000000000000355e+00
4.900000000000000355e+00
5.000000000000000000e-01
1.590000000000000036e+01
7.599999999999999645e+00
1.899999999999999911e+00
1.059999999999999964e+01
3.799999999999999822e+00
4.799999999999999822e+00
8.000000000000000444e-01
1.600000000000000089e+00
0.000000000000000000e+00
0.000000000000000000e+00
2.899999999999999911e+00
4.000000000000000222e-01
2.000000000000000000e+00
5.200000000000000178e+00
1.199999999999999956e+00
6.299999999999999822e+00
4.700000000000000178e+00
4.400000000000000355e+00
5.299999999999999822e+00
2.889999999999999858e+01
8.699999999999999289e+00
1.910000000000000142e+01
9.099999999999999645e+00
1.290000000000000036e+01
2.119999999999999929e+01
1.369999999999999929e+01
2.730000000000000071e+01
3.729999999999999716e+01
3.850000000000000000e+01
7.040000000000000568e+01
6.479999999999999716e+01
6.890000000000000568e+01
5.510000000000000142e+01
1.147000000000000028e+02
1.194000000000000057e+02
1.160000000000000000e+02
8.240000000000000568e+01
8.909999999999999432e+01
7.090000000000000568e+01
5.750000000000000000e+01
7.550000000000000000e+01
9.240000000000000568e+01
1.117000000000000028e+02
1.197999999999999972e+02
1.240000000000000000e+02
1.129000000000000057e+02
8.929999999999999716e+01
5.860000000000000142e+01
7.509999999999999432e+01
8.450000000000000000e+01
1.095000000000000000e+02
8.829999999999999716e+01
1.245000000000000000e+02
1.199000000000000057e+02
1.580000000000000000e+02
1.245999999999999943e+02
1.901999999999999886e+02
1.914000000000000057e+02
1.996999999999999886e+02
2.576999999999999886e+02
2.155999999999999943e+02
1.202999999999999972e+02
1.606999999999999886e+02
2.155000000000000000e+02
1.600000000000000000e+02
1.087000000000000028e+02
1.204000000000000057e+02
1.340999999999999943e+02
1.279000000000000057e+02
9.900000000000000000e+01
1.795000000000000000e+02
1.695999999999999943e+02
1.331999999999999886e+02
1.416999999999999886e+02
1.390000000000000000e+02
9.850000000000000000e+01
8.020000000000000284e+01
1.325000000000000000e+02
1.109000000000000057e+02
8.629999999999999716e+01
1.469000000000000057e+02
1.853000000000000114e+02
1.077999999999999972e+02
1.150999999999999943e+02
9.109999999999999432e+01
8.800000000000000000e+01
6.990000000000000568e+01
5.800000000000000000e+01
8.529999999999999716e+01
8.979999999999999716e+01
1.169000000000000057e+02
2.469999999999999929e+01
5.539999999999999858e+01
6.459999999999999432e+01
4.570000000000000284e+01
3.189999999999999858e+01
6.050000000000000000e+01
8.270000000000000284e+01
4.529999999999999716e+01
4.979999999999999716e+01
5.250000000000000000e+01
4.710000000000000142e+01
4.450000000000000000e+01
5.400000000000000000e+01
3.700000000000000000e+01
5.620000000000000284e+01
6.970000000000000284e+01
3.800000000000000000e+01
2.960000000000000142e+01
3.030000000000000071e+01
2.960000000000000142e+01
3.389999999999999858e+01
1.969999999999999929e+01
4.389999999999999858e+01
9.129999999999999716e+01
1.830000000000000071e+01
1.340000000000000036e+01
9.800000000000000711e+00
1.830000000000000071e+01
1.090000000000000036e+01
7.799999999999999822e+00
1.040000000000000036e+01
1.219999999999999929e+01
2.900000000000000000e+01
7.500000000000000000e+00
2.500000000000000000e+00
5.500000000000000000e+00
1.019999999999999929e+01
5.299999999999999822e+00
1.530000000000000071e+01
5.900000000000000355e+00
8.000000000000000444e-01
2.210000000000000142e+01
1.950000000000000000e+01
1.669999999999999929e+01
4.599999999999999645e+00
8.000000000000000444e-01
8.500000000000000000e+00
3.000000000000000000e+00
1.889999999999999858e+01
3.460000000000000142e+01
4.000000000000000000e+01
4.689999999999999858e+01
3.210000000000000142e+01
4.189999999999999858e+01
4.260000000000000142e+01
3.750000000000000000e+01
2.750000000000000000e+01
9.099999999999999645e+00
3.860000000000000142e+01
3.000000000000000000e+01
5.300000000000000000e+01
7.140000000000000568e+01
7.909999999999999432e+01
6.420000000000000284e+01
6.329999999999999716e+01
1.002999999999999972e+02
1.152999999999999972e+02
9.759999999999999432e+01
1.644000000000000057e+02
1.197000000000000028e+02
1.164000000000000057e+02
1.042000000000000028e+02
6.420000000000000284e+01
1.070000000000000000e+02
1.224000000000000057e+02
8.720000000000000284e+01
1.027000000000000028e+02
1.014000000000000057e+02
1.192999999999999972e+02
1.007999999999999972e+02
1.324000000000000057e+02
1.360000000000000000e+02
1.550999999999999943e+02
1.160999999999999943e+02
1.558000000000000114e+02
1.319000000000000057e+02
9.850000000000000000e+01
9.159999999999999432e+01
8.959999999999999432e+01
1.140999999999999943e+02
1.052000000000000028e+02
1.120999999999999943e+02
7.529999999999999716e+01
1.391999999999999886e+02
1.224000000000000057e+02
1.424000000000000057e+02
1.343000000000000114e+02
1.283000000000000114e+02
1.524000000000000057e+02
1.634000000000000057e+02
1.395999999999999943e+02
1.495999999999999943e+02
1.022999999999999972e+02
8.390000000000000568e+01
9.829999999999999716e+01
1.147999999999999972e+02
1.047000000000000028e+02
8.379999999999999716e+01
8.790000000000000568e+01
9.700000000000000000e+01
1.199000000000000057e+02
1.170999999999999943e+02
1.095999999999999943e+02
5.729999999999999716e+01
9.009999999999999432e+01
1.350999999999999943e+02
1.799000000000000057e+02
1.087999999999999972e+02
8.309999999999999432e+01
5.839999999999999858e+01
6.370000000000000284e+01
6.139999999999999858e+01
4.800000000000000000e+01
3.650000000000000000e+01
4.150000000000000000e+01
5.350000000000000000e+01
5.720000000000000284e+01
5.939999999999999858e+01
4.300000000000000000e+01
2.439999999999999858e+01
7.179999999999999716e+01
5.010000000000000142e+01
5.200000000000000000e+01
4.079999999999999716e+01
2.550000000000000000e+01
2.900000000000000000e+01
2.160000000000000142e+01
3.169999999999999929e+01
1.660000000000000142e+01
3.119999999999999929e+01
2.969999999999999929e+01
2.010000000000000142e+01
1.760000000000000142e+01
1.880000000000000071e+01
1.869999999999999929e+01
2.969999999999999929e+01
3.689999999999999858e+01
1.600000000000000000e+01
1.130000000000000071e+01
6.599999999999999645e+00
1.480000000000000071e+01
1.369999999999999929e+01
1.850000000000000000e+01
2.039999999999999858e+01
3.689999999999999858e+01
1.680000000000000071e+01
4.900000000000000355e+00
5.299999999999999822e+00
8.699999999999999289e+00
4.700000000000000178e+00
4.000000000000000222e-01
8.500000000000000000e+00
5.000000000000000000e+00
1.000000000000000000e+00
4.000000000000000222e-01
5.700000000000000178e+00
1.290000000000000036e+01
7.200000000000000178e+00
1.880000000000000071e+01
3.289999999999999858e+01
1.119999999999999929e+01
1.530000000000000071e+01
1.390000000000000036e+01
6.700000000000000178e+00
9.500000000000000000e+00
1.450000000000000000e+01
2.569999999999999929e+01
3.110000000000000142e+01
3.410000000000000142e+01
3.850000000000000000e+01
2.039999999999999858e+01
4.539999999999999858e+01
7.620000000000000284e+01
5.650000000000000000e+01
5.020000000000000284e+01
7.009999999999999432e+01
8.870000000000000284e+01
1.070000000000000000e+02
1.025000000000000000e+02
1.047000000000000028e+02
1.239000000000000057e+02
1.284000000000000057e+02
1.247999999999999972e+02
9.090000000000000568e+01
1.167000000000000028e+02
8.720000000000000284e+01
1.450000000000000000e+02
1.267000000000000028e+02
1.481999999999999886e+02
1.923000000000000114e+02
2.055999999999999943e+02
2.209000000000000057e+02
2.140999999999999943e+02
1.396999999999999886e+02
1.821999999999999886e+02
1.944000000000000057e+02
2.170999999999999943e+02
2.418000000000000114e+02
2.295000000000000000e+02
1.679000000000000057e+02
2.081999999999999886e+02
1.239000000000000057e+02
1.479000000000000057e+02
1.640000000000000000e+02
1.985999999999999943e+02
1.441999999999999886e+02
1.684000000000000057e+02
2.123000000000000114e+02
1.625999999999999943e+02
2.756000000000000227e+02
1.928000000000000114e+02
1.493000000000000114e+02
1.653000000000000114e+02
2.035999999999999943e+02
1.546999999999999886e+02
1.339000000000000057e+02
1.290000000000000000e+02
1.077999999999999972e+02
1.819000000000000057e+02
1.973000000000000114e+02
1.683000000000000114e+02
1.625999999999999943e+02
1.763000000000000114e+02
1.876999999999999886e+02
1.469000000000000057e+02
1.137000000000000028e+02
7.020000000000000284e+01
8.409999999999999432e+01
9.909999999999999432e+01
1.389000000000000057e+02
1.010999999999999943e+02
9.059999999999999432e+01
1.398000000000000114e+02
1.125000000000000000e+02
1.759000000000000057e+02
1.107999999999999972e+02
9.150000000000000000e+01
9.740000000000000568e+01
1.137999999999999972e+02
7.609999999999999432e+01
7.429999999999999716e+01
7.750000000000000000e+01
5.460000000000000142e+01
4.900000000000000000e+01
9.959999999999999432e+01
1.114000000000000057e+02
1.000999999999999943e+02
1.097999999999999972e+02
7.720000000000000284e+01
6.400000000000000000e+01
5.620000000000000284e+01
5.950000000000000000e+01
8.790000000000000568e+01
9.040000000000000568e+01
1.012000000000000028e+02
4.179999999999999716e+01
1.889999999999999858e+01
2.960000000000000142e+01
3.370000000000000284e+01
2.869999999999999929e+01
3.200000000000000000e+01
5.129999999999999716e+01
3.760000000000000142e+01
2.069999999999999929e+01
4.810000000000000142e+01
4.570000000000000284e+01
4.350000000000000000e+01
2.360000000000000142e+01
1.269999999999999929e+01
2.200000000000000000e+01
3.229999999999999716e+01
1.669999999999999929e+01
1.300000000000000000e+01
1.700000000000000000e+01
3.139999999999999858e+01
6.099999999999999645e+00
8.000000000000000444e-01
1.830000000000000071e+01
4.000000000000000222e-01
4.099999999999999645e+00
8.199999999999999289e+00
8.500000000000000000e+00
2.789999999999999858e+01
2.369999999999999929e+01
2.810000000000000142e+01
1.789999999999999858e+01
4.739999999999999858e+01
3.080000000000000071e+01
2.119999999999999929e+01
3.589999999999999858e+01
5.339999999999999858e+01
5.100000000000000000e+01
6.020000000000000284e+01
7.100000000000000000e+01
4.310000000000000142e+01
5.810000000000000142e+01
1.145000000000000000e+02
7.659999999999999432e+01
4.570000000000000284e+01
7.929999999999999716e+01
1.438000000000000114e+02
1.277000000000000028e+02
1.260999999999999943e+02
1.415999999999999943e+02
1.225999999999999943e+02
1.936999999999999886e+02
1.786999999999999886e+02
1.574000000000000057e+02
1.705000000000000000e+02
2.063000000000000114e+02
2.029000000000000057e+02
1.636999999999999886e+02
1.889000000000000057e+02
1.838000000000000114e+02
2.120999999999999943e+02
2.850000000000000000e+02
2.320999999999999943e+02
2.235000000000000000e+02
2.673999999999999773e+02
2.399000000000000057e+02
2.316999999999999886e+02
1.813000000000000114e+02
1.649000000000000057e+02
1.535999999999999943e+02
1.220000000000000000e+02
1.343000000000000114e+02
2.685000000000000000e+02
2.464000000000000057e+02
2.375000000000000000e+02
2.014000000000000057e+02
2.236999999999999886e+02
2.029000000000000057e+02
1.929000000000000057e+02
1.355999999999999943e+02
1.953000000000000114e+02
1.685999999999999943e+02
2.580000000000000000e+02
2.230000000000000000e+02
2.080999999999999943e+02
1.504000000000000057e+02
1.724000000000000057e+02
1.783000000000000114e+02
1.753000000000000114e+02
2.058000000000000114e+02
1.863000000000000114e+02
2.031999999999999886e+02
1.665999999999999943e+02
1.439000000000000057e+02
1.343000000000000114e+02
1.554000000000000057e+02
1.605999999999999943e+02
1.505000000000000000e+02
1.182999999999999972e+02
1.289000000000000057e+02
1.205999999999999943e+02
7.270000000000000284e+01
8.700000000000000000e+01
7.770000000000000284e+01
7.670000000000000284e+01
8.500000000000000000e+01
8.479999999999999716e+01
7.929999999999999716e+01
1.316999999999999886e+02
1.536999999999999886e+02
1.424000000000000057e+02
8.720000000000000284e+01
8.650000000000000000e+01
1.177000000000000028e+02
7.329999999999999716e+01
7.420000000000000284e+01
6.500000000000000000e+01
5.789999999999999858e+01
3.239999999999999858e+01
3.150000000000000000e+01
4.170000000000000284e+01
3.360000000000000142e+01
5.200000000000000000e+01
5.610000000000000142e+01
7.779999999999999716e+01
4.039999999999999858e+01
3.420000000000000284e+01
3.180000000000000071e+01
4.889999999999999858e+01
3.789999999999999858e+01
5.900000000000000355e+00
1.469999999999999929e+01
3.960000000000000142e+01
1.830000000000000071e+01
3.150000000000000000e+01
1.269999999999999929e+01
3.360000000000000142e+01
2.800000000000000000e+01
1.230000000000000071e+01
2.500000000000000000e+00
3.899999999999999911e+00
4.000000000000000222e-01
8.000000000000000444e-01
1.580000000000000071e+01
2.700000000000000178e+00
1.199999999999999956e+00
4.000000000000000222e-01
7.299999999999999822e+00
1.259999999999999964e+01
2.299999999999999822e+00
1.050000000000000000e+01
1.340000000000000036e+01
1.130000000000000071e+01
3.339999999999999858e+01
2.989999999999999858e+01
7.299999999999999822e+00
1.639999999999999858e+01
4.129999999999999716e+01
4.520000000000000284e+01
3.820000000000000284e+01
5.800000000000000000e+01
6.079999999999999716e+01
8.300000000000000000e+01
1.262999999999999972e+02
1.087999999999999972e+02
1.040999999999999943e+02
1.755999999999999943e+02
1.676999999999999886e+02
1.566999999999999886e+02
1.934000000000000057e+02
1.650999999999999943e+02
1.826999999999999886e+02
2.401999999999999886e+02
2.454000000000000057e+02
2.199000000000000057e+02
2.850000000000000000e+02
2.720000000000000000e+02
2.336999999999999886e+02
1.845000000000000000e+02
2.228000000000000114e+02
2.480000000000000000e+02
2.330000000000000000e+02
2.843000000000000114e+02
2.651000000000000227e+02
2.236999999999999886e+02
3.340000000000000000e+02
3.593999999999999773e+02
2.986000000000000227e+02
3.390000000000000000e+02
2.866999999999999886e+02
2.335999999999999943e+02
2.700000000000000000e+02
2.776000000000000227e+02
2.481999999999999886e+02
2.429000000000000057e+02
2.710000000000000000e+02
2.835000000000000000e+02
2.851000000000000227e+02
2.568999999999999773e+02
2.155999999999999943e+02
2.656999999999999886e+02
3.076999999999999886e+02
2.025999999999999943e+02
2.630000000000000000e+02
2.313000000000000114e+02
2.435999999999999943e+02
2.389000000000000057e+02
2.119000000000000057e+02
2.826000000000000227e+02
2.055999999999999943e+02
1.576999999999999886e+02
1.755999999999999943e+02
1.770999999999999943e+02
2.071999999999999886e+02
1.499000000000000057e+02
1.445999999999999943e+02
1.726999999999999886e+02
1.693000000000000114e+02
1.560000000000000000e+02
1.724000000000000057e+02
1.900000000000000000e+02
1.800999999999999943e+02
1.172999999999999972e+02
1.269000000000000057e+02
1.212000000000000028e+02
8.209999999999999432e+01
6.540000000000000568e+01
7.520000000000000284e+01
8.690000000000000568e+01
7.229999999999999716e+01
1.095000000000000000e+02
9.929999999999999716e+01
7.920000000000000284e+01
9.009999999999999432e+01
5.370000000000000284e+01
4.650000000000000000e+01
5.689999999999999858e+01
5.510000000000000142e+01
7.170000000000000284e+01
6.490000000000000568e+01
6.590000000000000568e+01
6.189999999999999858e+01
5.960000000000000142e+01
3.139999999999999858e+01
3.150000000000000000e+01
7.270000000000000284e+01
5.610000000000000142e+01
3.879999999999999716e+01
3.320000000000000284e+01
2.869999999999999929e+01
3.520000000000000284e+01
2.480000000000000071e+01
4.170000000000000284e+01
6.110000000000000142e+01
5.120000000000000284e+01
2.869999999999999929e+01
4.750000000000000000e+01
5.520000000000000284e+01
5.010000000000000142e+01
3.370000000000000284e+01
2.160000000000000142e+01
2.260000000000000142e+01
2.530000000000000071e+01
2.410000000000000142e+01
1.290000000000000036e+01
1.430000000000000071e+01
1.350000000000000000e+01
4.799999999999999822e+00
1.380000000000000071e+01
7.000000000000000000e+00
9.199999999999999289e+00
1.109999999999999964e+01
2.210000000000000142e+01
2.539999999999999858e+01
2.080000000000000071e+01
1.750000000000000000e+01
1.019999999999999929e+01
3.450000000000000000e+01
2.330000000000000071e+01
1.730000000000000071e+01
1.330000000000000071e+01
2.450000000000000000e+01
2.910000000000000142e+01
2.280000000000000071e+01
2.469999999999999929e+01
4.029999999999999716e+01
3.529999999999999716e+01
3.639999999999999858e+01
6.900000000000000000e+01
6.420000000000000284e+01
6.770000000000000284e+01
8.020000000000000284e+01
7.259999999999999432e+01
7.109999999999999432e+01
8.120000000000000284e+01
8.100000000000000000e+01
9.979999999999999716e+01
1.570000000000000000e+02
1.325999999999999943e+02
1.583000000000000114e+02
9.840000000000000568e+01
1.225000000000000000e+02
9.540000000000000568e+01
1.295000000000000000e+02
1.518000000000000114e+02
1.087000000000000028e+02
1.250000000000000000e+02
1.335999999999999943e+02
1.790000000000000000e+02
1.725000000000000000e+02
1.585000000000000000e+02
1.305000000000000000e+02
1.150000000000000000e+02
1.800000000000000000e+02
1.561999999999999886e+02
1.361999999999999886e+02
1.548000000000000114e+02
1.660000000000000000e+02
1.525000000000000000e+02
1.217000000000000028e+02
1.555000000000000000e+02
1.478000000000000114e+02
1.705000000000000000e+02
1.923000000000000114e+02
1.510999999999999943e+02
1.699000000000000057e+02
1.500999999999999943e+02
1.370999999999999943e+02
1.388000000000000114e+02
1.293000000000000114e+02
1.354000000000000057e+02
1.324000000000000057e+02
1.385999999999999943e+02
1.579000000000000057e+02
1.808000000000000114e+02
1.456999999999999886e+02
1.550999999999999943e+02
1.805000000000000000e+02
1.513000000000000114e+02
1.593000000000000114e+02
1.316999999999999886e+02
1.408000000000000114e+02
1.225999999999999943e+02
1.348000000000000114e+02
1.182000000000000028e+02
1.291999999999999886e+02
1.117999999999999972e+02
8.590000000000000568e+01
1.015999999999999943e+02
8.150000000000000000e+01
7.070000000000000284e+01
1.147000000000000028e+02
8.700000000000000000e+01
7.129999999999999716e+01
7.340000000000000568e+01
8.950000000000000000e+01
1.165000000000000000e+02
8.700000000000000000e+01
1.252999999999999972e+02
1.135000000000000000e+02
8.959999999999999432e+01
1.139000000000000057e+02
1.247000000000000028e+02
1.082999999999999972e+02
1.089000000000000057e+02
9.070000000000000284e+01
8.690000000000000568e+01
5.920000000000000284e+01
6.429999999999999716e+01
6.179999999999999716e+01
6.089999999999999858e+01
6.540000000000000568e+01
8.179999999999999716e+01
6.029999999999999716e+01
5.610000000000000142e+01
3.320000000000000284e+01
3.660000000000000142e+01
8.409999999999999432e+01
4.370000000000000284e+01
3.429999999999999716e+01
3.329999999999999716e+01
3.939999999999999858e+01
3.729999999999999716e+01
3.089999999999999858e+01
5.750000000000000000e+01
5.629999999999999716e+01
5.150000000000000000e+01
7.909999999999999432e+01
4.789999999999999858e+01
5.720000000000000284e+01
6.720000000000000284e+01
3.589999999999999858e+01
2.960000000000000142e+01
2.730000000000000071e+01
1.669999999999999929e+01
1.689999999999999858e+01
7.700000000000000178e+00
1.309999999999999964e+01
1.669999999999999929e+01
4.039999999999999858e+01
5.670000000000000284e+01
2.030000000000000071e+01
1.359999999999999964e+01
2.789999999999999858e+01
1.159999999999999964e+01
1.190000000000000036e+01
6.400000000000000355e+00
3.150000000000000000e+01
2.730000000000000071e+01
1.819999999999999929e+01
1.789999999999999858e+01
2.899999999999999911e+00
2.410000000000000142e+01
2.000000000000000000e+01
2.969999999999999929e+01
7.900000000000000355e+00
2.230000000000000071e+01
2.380000000000000071e+01
3.329999999999999716e+01
1.300000000000000000e+01
1.900000000000000000e+01
2.700000000000000000e+01
5.489999999999999858e+01
3.060000000000000142e+01
4.300000000000000000e+01
6.239999999999999858e+01
6.210000000000000142e+01
4.160000000000000142e+01
6.139999999999999858e+01
7.370000000000000284e+01
1.325999999999999943e+02
1.084000000000000057e+02
1.411999999999999886e+02
1.170999999999999943e+02
1.345999999999999943e+02
9.970000000000000284e+01
8.240000000000000568e+01
1.956999999999999886e+02
1.770999999999999943e+02
1.385000000000000000e+02
1.739000000000000057e+02
2.359000000000000057e+02
1.946999999999999886e+02
1.953000000000000114e+02
1.436999999999999886e+02
1.903000000000000114e+02
2.116999999999999886e+02
2.256999999999999886e+02
2.014000000000000057e+02
2.668999999999999773e+02
2.636000000000000227e+02
2.595000000000000000e+02
2.495999999999999943e+02
2.260999999999999943e+02
2.194000000000000057e+02
1.786999999999999886e+02
2.321999999999999886e+02
2.546999999999999886e+02
2.226999999999999886e+02
1.929000000000000057e+02
1.916999999999999886e+02
2.195999999999999943e+02
2.333000000000000114e+02
2.095000000000000000e+02
2.469000000000000057e+02
1.565999999999999943e+02
1.899000000000000057e+02
1.965999999999999943e+02
2.253000000000000114e+02
1.946999999999999886e+02
1.315999999999999943e+02
2.053000000000000114e+02
2.425000000000000000e+02
2.453000000000000114e+02
2.161999999999999886e+02
1.860000000000000000e+02
1.954000000000000057e+02
1.498000000000000114e+02
2.309000000000000057e+02
2.210999999999999943e+02
1.703000000000000114e+02
1.192999999999999972e+02
1.636999999999999886e+02
1.394000000000000057e+02
1.619000000000000057e+02
1.674000000000000057e+02
1.343000000000000114e+02
1.275000000000000000e+02
1.690000000000000000e+02
1.155000000000000000e+02
7.309999999999999432e+01
8.870000000000000284e+01
1.095999999999999943e+02
1.325000000000000000e+02
1.315000000000000000e+02
1.089000000000000057e+02
9.600000000000000000e+01
6.990000000000000568e+01
7.250000000000000000e+01
4.570000000000000284e+01
4.560000000000000142e+01
7.479999999999999716e+01
1.102000000000000028e+02
1.167000000000000028e+02
9.040000000000000568e+01
9.690000000000000568e+01
6.509999999999999432e+01
5.570000000000000284e+01
3.500000000000000000e+01
2.260000000000000142e+01
1.259999999999999964e+01
2.650000000000000000e+01
2.139999999999999858e+01
1.780000000000000071e+01
2.069999999999999929e+01
1.689999999999999858e+01
2.039999999999999858e+01
3.239999999999999858e+01
2.830000000000000071e+01
3.989999999999999858e+01
1.009999999999999964e+01
4.299999999999999822e+00
2.200000000000000000e+01
1.789999999999999858e+01
1.580000000000000071e+01
2.799999999999999822e+00
2.789999999999999858e+01
1.380000000000000071e+01
2.239999999999999858e+01
1.610000000000000142e+01
5.999999999999999778e-01
1.810000000000000142e+01
9.900000000000000355e+00
5.099999999999999645e+00
4.010000000000000142e+01
1.540000000000000036e+01
5.799999999999999822e+00
9.800000000000000711e+00
3.399999999999999911e+00
1.739999999999999858e+01
4.600000000000000000e+01
3.910000000000000142e+01
1.880000000000000071e+01
3.820000000000000284e+01
4.789999999999999858e+01
4.220000000000000284e+01
6.339999999999999858e+01
4.879999999999999716e+01
2.910000000000000142e+01
7.050000000000000000e+01
4.539999999999999858e+01
9.120000000000000284e+01
1.087999999999999972e+02
7.420000000000000284e+01
1.242999999999999972e+02
1.314000000000000057e+02
1.394000000000000057e+02
1.426999999999999886e+02
1.565000000000000000e+02
1.568000000000000114e+02
2.311999999999999886e+02
2.100999999999999943e+02
2.086999999999999886e+02
1.704000000000000057e+02
1.663000000000000114e+02
1.954000000000000057e+02
2.845000000000000000e+02
1.805000000000000000e+02
2.320000000000000000e+02
2.250999999999999943e+02
2.121999999999999886e+02
2.381999999999999886e+02
2.114000000000000057e+02
2.274000000000000057e+02
1.718000000000000114e+02
1.916999999999999886e+02
1.896999999999999886e+02
1.751999999999999886e+02
1.533000000000000114e+02
1.910999999999999943e+02
2.520999999999999943e+02
1.690999999999999943e+02
1.994000000000000057e+02
1.788000000000000114e+02
1.970999999999999943e+02
1.953000000000000114e+02
2.403000000000000114e+02
1.970000000000000000e+02
1.975999999999999943e+02
1.669000000000000057e+02
2.246999999999999886e+02
2.401999999999999886e+02
2.408000000000000114e+02
1.689000000000000057e+02
1.970999999999999943e+02
1.595000000000000000e+02
2.125999999999999943e+02
1.983000000000000114e+02
2.306999999999999886e+02
1.510000000000000000e+02
1.421999999999999886e+02
9.429999999999999716e+01
9.850000000000000000e+01
1.142000000000000028e+02
9.190000000000000568e+01
9.400000000000000000e+01
1.334000000000000057e+02
1.295999999999999943e+02
1.220000000000000000e+02
8.140000000000000568e+01
1.277999999999999972e+02
1.024000000000000057e+02
9.440000000000000568e+01
7.879999999999999716e+01
6.959999999999999432e+01
8.040000000000000568e+01
6.250000000000000000e+01
3.119999999999999929e+01
7.109999999999999432e+01
4.820000000000000284e+01
6.840000000000000568e+01
8.490000000000000568e+01
5.489999999999999858e+01
4.750000000000000000e+01
2.739999999999999858e+01
2.980000000000000071e+01
3.970000000000000284e+01
5.060000000000000142e+01
3.429999999999999716e+01
4.050000000000000000e+01
6.709999999999999432e+01
2.950000000000000000e+01
3.220000000000000284e+01
3.260000000000000142e+01
4.579999999999999716e+01
4.629999999999999716e+01
2.160000000000000142e+01
1.939999999999999858e+01
2.250000000000000000e+01
2.039999999999999858e+01
1.819999999999999929e+01
1.569999999999999929e+01
3.060000000000000142e+01
1.400000000000000000e+01
1.490000000000000036e+01
1.330000000000000071e+01
7.700000000000000178e+00
1.259999999999999964e+01
6.799999999999999822e+00
7.599999999999999645e+00
1.650000000000000000e+01
1.180000000000000071e+01
1.969999999999999929e+01
3.000000000000000000e+00
6.999999999999999556e-01
2.489999999999999858e+01
1.400000000000000000e+01
7.400000000000000355e+00
1.100000000000000000e+01
1.209999999999999964e+01
2.300000000000000000e+01
2.539999999999999858e+01
2.080000000000000071e+01
1.290000000000000036e+01
3.570000000000000284e+01
5.970000000000000284e+01
3.279999999999999716e+01
5.039999999999999858e+01
5.550000000000000000e+01
4.450000000000000000e+01
5.020000000000000284e+01
8.200000000000000000e+01
7.059999999999999432e+01
7.400000000000000000e+01
9.050000000000000000e+01
9.670000000000000284e+01
1.210999999999999943e+02
1.320000000000000000e+02
7.850000000000000000e+01
9.729999999999999716e+01
1.192000000000000028e+02
8.600000000000000000e+01
9.800000000000000000e+01
1.035000000000000000e+02
9.359999999999999432e+01
1.495999999999999943e+02
2.071999999999999886e+02
1.735000000000000000e+02
1.423000000000000114e+02
1.062999999999999972e+02
1.686999999999999886e+02
1.883000000000000114e+02
1.167999999999999972e+02
1.330999999999999943e+02
1.656999999999999886e+02
2.176999999999999886e+02
1.915000000000000000e+02
1.659000000000000057e+02
1.880000000000000000e+02
2.443000000000000114e+02
1.805000000000000000e+02
1.560000000000000000e+02
1.415999999999999943e+02
1.580999999999999943e+02
1.433000000000000114e+02
1.425999999999999943e+02
1.215000000000000000e+02
1.658000000000000114e+02
1.616999999999999886e+02
1.420999999999999943e+02
2.029000000000000057e+02
1.230000000000000000e+02
1.615000000000000000e+02
2.381999999999999886e+02
1.940999999999999943e+02
1.765999999999999943e+02
2.134000000000000057e+02
1.845999999999999943e+02
1.701999999999999886e+02
1.470999999999999943e+02
1.869000000000000057e+02
1.875000000000000000e+02
1.288000000000000114e+02
1.610000000000000000e+02
1.755999999999999943e+02
1.879000000000000057e+02
1.511999999999999886e+02
1.471999999999999886e+02
1.353000000000000114e+02
1.335000000000000000e+02
7.570000000000000284e+01
1.007000000000000028e+02
9.790000000000000568e+01
8.679999999999999716e+01
1.187000000000000028e+02
1.283000000000000114e+02
1.154000000000000057e+02
7.850000000000000000e+01
9.779999999999999716e+01
8.290000000000000568e+01
7.220000000000000284e+01
6.060000000000000142e+01
7.459999999999999432e+01
7.479999999999999716e+01
5.920000000000000284e+01
7.279999999999999716e+01
6.650000000000000000e+01
8.379999999999999716e+01
6.970000000000000284e+01
4.879999999999999716e+01
7.420000000000000284e+01
7.009999999999999432e+01
2.889999999999999858e+01
4.810000000000000142e+01
4.350000000000000000e+01
3.960000000000000142e+01
3.870000000000000284e+01
6.189999999999999858e+01
5.679999999999999716e+01
6.239999999999999858e+01
6.050000000000000000e+01
3.720000000000000284e+01
1.319999999999999929e+01
2.750000000000000000e+01
5.929999999999999716e+01
2.089999999999999858e+01
5.700000000000000178e+00
1.730000000000000071e+01
5.029999999999999716e+01
3.720000000000000284e+01
2.450000000000000000e+01
2.219999999999999929e+01
2.080000000000000071e+01
2.369999999999999929e+01
1.490000000000000036e+01
3.570000000000000284e+01
2.230000000000000071e+01
2.930000000000000071e+01
1.839999999999999858e+01
7.200000000000000178e+00
5.400000000000000355e+00
1.950000000000000000e+01
2.130000000000000071e+01
1.509999999999999964e+01
9.800000000000000711e+00
4.000000000000000000e+00
1.500000000000000000e+00
2.799999999999999822e+00
1.730000000000000071e+01
4.099999999999999645e+00
2.899999999999999911e+00
1.550000000000000000e+01
3.600000000000000089e+00
4.599999999999999645e+00
5.200000000000000178e+00
5.999999999999999778e-01
2.999999999999999889e-01
1.199999999999999956e+00
4.200000000000000178e+00
6.599999999999999645e+00
1.000000000000000000e+00
1.300000000000000044e+00
1.199999999999999956e+00
5.999999999999999778e-01
1.199999999999999956e+00
2.899999999999999911e+00
6.299999999999999822e+00
5.500000000000000000e+00
0.000000000000000000e+00
7.099999999999999645e+00
7.700000000000000178e+00
6.900000000000000355e+00
1.630000000000000071e+01
1.950000000000000000e+01
2.850000000000000000e+01
2.400000000000000000e+01
1.040000000000000036e+01
1.390000000000000036e+01
1.880000000000000071e+01
2.519999999999999929e+01
2.960000000000000142e+01
3.639999999999999858e+01
3.360000000000000142e+01
3.439999999999999858e+01
2.450000000000000000e+01
2.730000000000000071e+01
4.829999999999999716e+01
7.859999999999999432e+01
7.609999999999999432e+01
5.820000000000000284e+01
5.610000000000000142e+01
6.450000000000000000e+01
6.579999999999999716e+01
1.200999999999999943e+02
1.257000000000000028e+02
1.390999999999999943e+02
1.092999999999999972e+02
9.440000000000000568e+01
4.779999999999999716e+01
8.659999999999999432e+01
8.590000000000000568e+01
9.650000000000000000e+01
9.200000000000000000e+01
1.000999999999999943e+02
9.479999999999999716e+01
9.370000000000000284e+01
7.650000000000000000e+01
8.759999999999999432e+01
5.679999999999999716e+01
9.609999999999999432e+01
6.089999999999999858e+01
7.829999999999999716e+01
1.072999999999999972e+02
1.202000000000000028e+02
7.670000000000000284e+01
8.620000000000000284e+01
9.179999999999999716e+01
5.450000000000000000e+01
1.144000000000000057e+02
1.139000000000000057e+02
1.242000000000000028e+02
1.170000000000000000e+02
1.460999999999999943e+02
1.286999999999999886e+02
1.125000000000000000e+02
1.125000000000000000e+02
1.029000000000000057e+02
1.002000000000000028e+02
1.069000000000000057e+02
1.300000000000000000e+02
9.000000000000000000e+01
1.035999999999999943e+02
1.129000000000000057e+02
9.300000000000000000e+01
6.670000000000000284e+01
5.450000000000000000e+01
7.529999999999999716e+01
8.879999999999999716e+01
6.650000000000000000e+01
6.579999999999999716e+01
6.440000000000000568e+01
7.859999999999999432e+01
6.360000000000000142e+01
6.220000000000000284e+01
5.800000000000000000e+01
5.700000000000000000e+01
5.639999999999999858e+01
5.410000000000000142e+01
3.789999999999999858e+01
5.150000000000000000e+01
2.050000000000000000e+01
3.239999999999999858e+01
5.020000000000000284e+01
4.460000000000000142e+01
3.339999999999999858e+01
2.139999999999999858e+01
1.850000000000000000e+01
2.610000000000000142e+01
2.639999999999999858e+01
1.769999999999999929e+01
3.229999999999999716e+01
1.889999999999999858e+01
1.919999999999999929e+01
1.780000000000000071e+01
3.260000000000000142e+01
4.370000000000000284e+01
1.319999999999999929e+01
5.700000000000000178e+00
8.199999999999999289e+00
6.799999999999999822e+00
1.069999999999999929e+01
2.500000000000000000e+00
8.900000000000000355e+00
1.309999999999999964e+01
1.559999999999999964e+01
1.600000000000000089e+00
8.699999999999999289e+00
3.299999999999999822e+00
4.900000000000000355e+00
4.900000000000000355e+00
3.100000000000000089e+00
7.700000000000000178e+00
8.000000000000000444e-01
9.400000000000000355e+00
9.099999999999999645e+00
9.900000000000000355e+00
1.199999999999999956e+00
9.000000000000000222e-01
5.000000000000000000e-01
1.100000000000000089e+00
4.000000000000000222e-01
5.000000000000000000e-01
1.600000000000000089e+00
